COMBSORT 
100000 sorted_backwards
 14 4 3 3 3 3 3 3 3 3 3 3 3 3 3 3 3 4 3 3 3 3 3 3 3 3 3 3 3 3 3 3 3 3 3 3 3 3 3 3 3 3 3 3 3 3 3 3 3 3 3 3 3 3 3 3 3 3 3 3 3 3 3 3 3 3 3 3 3 3 3 3 3 3 3 3 3 3 3 3 3 3 3 3 3 3 3 3 3 3 3 3 3 3 3 3 3 3 3 3 
avg: 3,020	standardDeviation: 0,141 
100000 half_sorted
 6 6 6 6 6 8 8 6 6 6 6 8 8 7 6 8 6 6 6 6 6 6 6 6 7 6 6 7 7 6 7 6 6 6 6 7 6 7 6 6 6 6 6 6 6 6 6 6 6 6 7 6 6 6 6 6 6 6 6 6 6 6 6 6 6 6 6 6 6 6 6 6 6 6 6 6 6 7 6 6 6 6 6 6 6 6 6 6 6 6 6 6 6 6 6 6 6 6 6 6 
avg: 6,192	standardDeviation: 0,509 
100000 sorted
 2 2 2 2 2 2 2 2 2 2 2 2 2 2 3 2 2 2 2 2 3 3 3 3 3 2 2 3 5 2 2 2 2 3 4 2 2 2 2 2 2 2 2 2 2 2 2 3 3 2 2 2 2 2 2 2 2 2 2 2 2 2 2 2 3 2 2 2 2 2 2 2 2 2 2 2 2 2 2 2 2 2 2 3 2 2 2 2 2 2 2 2 2 5 2 2 2 2 2 2 
avg: 2,202	standardDeviation: 0,553 
100000 random
 10 10 10 11 10 10 11 11 10 10 11 10 10 10 10 10 10 10 10 10 12 10 10 10 10 10 10 10 10 10 11 10 10 10 10 10 10 10 10 10 10 10 10 10 10 10 10 11 10 10 10 10 10 10 10 10 10 10 10 10 10 10 10 10 11 11 10 10 11 11 10 10 12 10 10 10 10 10 10 10 10 10 11 10 10 10 10 11 10 10 10 10 10 10 10 10 10 11 10 10 
avg: 10,172	standardDeviation: 0,430 
500000 sorted_backwards
 17 18 20 20 20 20 23 21 18 19 18 20 20 19 18 24 19 18 18 18 18 18 17 17 18 18 18 18 18 18 18 18 17 18 18 18 18 17 17 17 18 19 18 17 21 18 17 48 21 20 26 21 21 22 20 21 23 20 19 19 20 23 21 19 19 18 20 19 19 18 18 22 17 18 22 18 38 31 73 23 44 37 32 26 48 40 36 25 24 22 19 19 19 21 23 18 18 18 17 21 
avg: 21,788	standardDeviation: 8,207 
500000 half_sorted
 37 40 40 39 37 36 42 42 44 44 42 40 44 43 43 52 50 45 39 50 47 43 42 39 37 38 37 38 37 36 37 37 38 40 40 37 40 38 38 36 36 39 46 40 36 37 38 36 39 42 39 38 36 36 36 36 40 38 39 37 37 37 38 38 37 37 40 38 36 37 36 39 37 36 36 37 39 37 37 37 39 38 37 37 37 37 38 38 37 36 37 38 38 37 36 37 38 37 36 36 
avg: 38,798	standardDeviation: 3,232 
500000 sorted
 14 15 17 16 16 16 15 14 15 16 14 15 14 14 15 14 14 14 14 14 14 14 14 14 14 14 15 14 18 14 14 14 14 14 14 14 15 14 15 15 14 15 15 14 15 15 14 14 14 14 15 14 14 14 14 14 14 14 15 16 15 15 16 15 14 19 23 18 15 18 22 14 14 15 14 15 15 14 14 14 14 15 15 14 14 15 14 14 16 14 14 19 14 14 15 14 17 15 14 14 
avg: 14,869	standardDeviation: 1,569 
500000 random
 60 60 66 61 58 58 59 59 59 59 62 60 59 59 58 58 60 61 58 59 59 59 61 61 60 62 58 61 59 60 59 58 60 59 59 59 59 58 61 59 66 59 62 59 61 60 59 62 59 58 61 61 60 61 59 60 60 60 59 61 63 58 60 60 60 59 60 59 59 61 61 59 62 60 60 60 63 58 61 61 59 61 59 58 61 62 59 60 61 59 59 60 63 59 61 59 59 61 60 59 
avg: 59,939	standardDeviation: 1,517 
1000000 sorted_backwards
 37 41 37 40 38 38 38 38 42 41 38 38 38 37 38 38 37 37 37 37 37 38 38 38 37 37 48 38 39 38 38 37 38 37 38 40 39 38 37 39 39 38 38 37 38 40 38 38 40 41 37 38 38 38 39 37 38 38 38 38 41 38 38 39 38 41 38 37 38 39 41 38 38 39 37 38 38 38 40 39 37 38 38 39 38 37 41 39 39 38 37 39 40 37 38 38 37 38 39 38 
avg: 38,394	standardDeviation: 1,511 
1000000 half_sorted
 75 83 76 76 78 74 73 74 74 74 74 74 77 75 75 75 75 75 78 74 76 75 74 74 76 75 75 82 97 78 90 81 80 92 100 79 76 80 75 77 75 76 80 75 77 76 76 76 76 76 73 76 75 78 75 77 78 73 74 76 74 76 74 76 75 76 77 74 75 80 75 77 77 77 74 76 76 75 80 77 74 78 77 77 76 77 76 76 75 78 76 75 75 77 79 77 75 75 77 74 
avg: 76,859	standardDeviation: 4,238 
1000000 sorted
 32 35 35 34 34 32 32 32 32 32 32 32 32 32 36 32 32 32 32 32 33 32 32 32 33 32 32 32 32 32 35 37 33 32 32 33 32 32 32 32 32 33 33 32 36 32 34 33 32 32 32 33 34 33 33 35 32 33 32 33 32 32 32 34 32 33 32 32 32 33 33 33 32 35 33 32 35 32 32 32 34 35 34 32 32 33 32 33 32 32 32 36 33 38 32 32 33 33 32 32 
avg: 32,808	standardDeviation: 1,267 
1000000 random
 129 123 138 132 147 120 121 121 120 121 120 120 120 121 122 122 120 122 121 122 122 123 120 123 122 122 122 120 121 122 120 122 123 122 121 122 119 123 122 121 126 122 121 123 123 122 123 122 123 124 121 121 123 120 121 120 133 123 121 119 125 121 121 124 122 121 123 122 121 123 123 122 123 122 123 123 122 122 124 121 124 124 121 121 122 120 123 121 121 124 123 120 127 122 125 125 122 122 124 126 
avg: 122,636	standardDeviation: 3,621 
2000000 sorted_backwards
 85 80 77 78 78 77 78 78 77 77 78 78 78 81 78 78 77 78 78 78 78 78 80 82 78 78 79 77 78 77 79 79 80 79 78 81 79 78 79 78 79 79 79 79 78 83 78 79 83 78 81 78 80 78 79 79 80 79 78 81 82 81 79 79 82 78 82 78 79 79 79 80 79 83 77 79 80 78 80 78 81 78 81 80 79 83 78 78 80 81 78 77 78 77 78 80 78 80 80 79 
avg: 79,000	standardDeviation: 1,505 
2000000 half_sorted
 168 169 172 170 167 168 174 172 178 171 167 172 172 166 166 180 168 171 172 169 168 170 177 171 169 168 171 179 215 182 180 167 167 166 172 167 169 170 175 168 167 165 167 169 164 168 168 170 167 167 164 168 171 166 168 168 166 166 170 167 168 166 172 168 168 166 193 168 172 167 167 168 167 165 166 169 166 168 168 168 166 170 164 167 165 165 168 175 167 166 175 165 170 171 168 166 167 179 167 170 
avg: 169,818	standardDeviation: 6,372 
2000000 sorted
 68 68 68 69 69 81 74 72 69 71 70 68 69 69 71 73 71 69 69 69 69 69 72 69 70 69 68 71 68 69 68 68 68 69 69 69 71 69 73 68 72 71 71 70 72 73 69 69 71 70 70 69 73 68 77 71 70 69 70 69 69 69 68 69 71 72 74 71 69 68 68 69 70 71 68 68 69 69 69 68 73 70 71 72 69 71 73 70 71 68 71 69 69 71 74 68 70 74 75 72 
avg: 70,192	standardDeviation: 2,165 
2000000 random
 265 262 267 263 263 265 264 262 269 265 262 269 268 264 285 262 262 263 266 273 264 267 263 262 264 265 268 260 262 263 261 261 263 261 262 261 263 265 265 262 263 262 269 264 267 263 267 269 264 267 268 264 262 272 262 262 266 262 270 265 261 265 264 265 262 263 261 265 320 299 273 266 262 262 268 264 264 262 277 266 262 261 263 272 277 273 284 275 279 286 278 279 277 270 262 268 264 262 262 268 
avg: 267,020	standardDeviation: 8,418 