QUICKSORT 
100000 sorted_backwards
 7 5 9 8 12 16 2 2 2 1 1 2 1 2 1 1 2 2 1 2 1 1 2 1 1 1 1 1 1 2 1 1 2 2 2 1 1 2 2 2 1 2 2 1 1 1 2 1 1 1 1 1 1 2 1 2 1 2 2 2 2 3 1 2 5 2 2 5 2 2 2 2 2 2 2 2 2 2 2 2 2 2 1 2 2 2 2 2 1 2 1 2 2 3 3 2 2 4 3 2 
avg: 2,182	standardDeviation: 2,135 
100000 half_sorted
 11 13 5 5 5 5 5 5 5 5 5 5 5 5 5 5 5 5 5 5 5 6 5 5 6 5 5 5 5 5 5 5 5 5 5 5 5 5 5 5 5 5 5 5 5 5 5 5 5 5 5 7 5 5 5 5 5 5 5 5 5 5 5 5 5 5 5 5 5 5 5 5 5 5 5 5 5 7 5 5 5 5 5 5 5 5 5 6 5 5 5 5 5 5 5 5 5 5 5 5 
avg: 5,152	standardDeviation: 0,861 
100000 sorted
 1 1 1 1 1 1 1 1 1 1 1 1 1 1 1 1 1 1 1 1 1 1 1 1 1 1 1 1 1 1 1 1 1 1 1 1 1 1 1 1 1 1 1 1 1 1 1 1 1 1 1 1 1 1 1 1 1 1 1 1 1 1 1 1 1 1 1 1 1 1 1 1 1 1 1 1 1 1 1 1 1 1 1 1 1 1 1 1 1 1 1 1 1 2 1 1 1 1 1 1 
avg: 1,010	standardDeviation: 0,101 
100000 random
 9 10 9 11 9 10 13 11 10 9 9 9 9 10 9 9 10 9 10 10 10 10 10 9 9 9 10 10 9 9 10 10 10 10 9 9 10 10 10 10 10 10 9 9 10 9 10 9 9 10 10 10 10 9 10 10 10 10 9 9 9 10 10 9 10 10 10 9 10 9 9 10 9 11 11 10 11 9 9 12 9 9 9 9 10 9 9 10 10 10 9 10 10 10 10 10 10 10 9 9 
avg: 9,687	standardDeviation: 0,709 
500000 sorted_backwards
 11 11 12 11 11 11 11 13 13 12 12 11 11 11 11 11 11 11 11 11 11 11 12 11 11 12 12 11 11 11 12 11 11 11 12 11 11 11 11 11 11 12 11 11 11 12 11 11 11 12 11 11 11 11 12 11 12 11 12 11 11 11 11 12 11 11 11 12 11 11 11 11 12 12 11 11 11 11 12 11 11 11 12 11 16 16 11 11 11 12 11 12 11 11 12 11 11 11 12 11 
avg: 11,384	standardDeviation: 0,829 
500000 half_sorted
 31 36 30 33 34 34 32 30 32 31 30 31 33 31 36 33 33 32 32 30 31 30 30 32 31 31 30 31 31 31 35 32 35 31 31 31 33 31 31 30 31 32 32 31 30 31 31 34 30 31 32 31 32 32 31 30 30 30 31 31 32 30 34 32 30 39 57 34 42 34 32 33 32 35 44 48 45 39 33 32 32 31 39 41 42 38 34 35 40 48 34 32 32 31 31 31 38 39 36 40 
avg: 33,586	standardDeviation: 4,616 
500000 sorted
 10 11 11 10 15 11 11 11 11 11 10 10 12 11 11 11 10 11 10 11 11 11 11 11 15 14 13 11 15 11 10 10 11 10 10 10 11 11 11 12 11 12 11 11 12 11 11 11 12 27 14 14 15 16 15 15 12 15 17 12 11 11 11 11 12 11 11 11 12 11 11 14 12 12 17 16 13 15 19 19 11 12 11 11 11 11 11 11 11 11 14 13 11 12 12 14 10 11 13 11 
avg: 12,162	standardDeviation: 2,465 
500000 random
 58 58 55 56 53 53 53 54 55 54 54 54 53 52 54 57 58 57 54 54 55 53 53 54 54 54 55 55 53 53 54 55 57 55 55 55 53 52 52 54 62 63 54 54 54 53 52 56 53 53 57 56 57 53 53 52 53 55 53 51 52 52 55 52 53 52 54 53 52 53 53 52 52 57 52 56 54 52 59 53 54 54 53 54 53 53 56 52 53 52 53 53 52 54 53 52 52 52 54 58 
avg: 54,020	standardDeviation: 2,070 
1000000 sorted_backwards
 23 24 23 23 27 38 26 23 23 24 24 23 23 23 23 23 23 23 23 23 23 23 23 24 23 23 23 23 23 23 23 23 24 23 24 24 23 23 26 22 23 23 23 23 23 26 23 23 23 23 23 23 23 23 24 23 23 24 23 23 23 23 23 23 24 24 23 23 23 24 23 25 24 26 26 32 23 23 23 23 25 32 40 24 26 32 35 32 26 24 28 29 24 26 24 31 29 27 24 26 
avg: 24,626	standardDeviation: 3,228 
1000000 half_sorted
 63 62 63 70 85 66 71 71 67 62 64 62 63 64 72 66 64 62 62 64 63 62 68 64 61 61 61 62 63 73 67 72 75 70 63 62 61 64 63 62 63 63 61 62 63 63 64 63 62 64 66 64 63 71 72 64 64 63 64 63 61 63 64 64 65 63 72 74 66 63 63 61 62 61 60 65 70 64 64 64 64 63 63 66 67 74 64 63 65 70 69 61 64 65 66 63 62 62 64 65 
avg: 64,929	standardDeviation: 4,011 
1000000 sorted
 21 21 21 23 22 23 22 23 22 21 21 23 22 23 21 22 21 21 22 23 23 22 22 22 23 22 22 22 22 21 22 22 22 22 21 22 23 21 22 21 22 21 21 22 23 23 22 21 22 21 22 22 23 22 22 22 21 21 21 21 21 22 21 22 21 22 21 22 22 22 21 22 21 21 22 21 22 22 23 21 22 23 21 21 23 22 22 22 22 22 24 22 21 22 22 21 21 24 21 21 
avg: 21,838	standardDeviation: 0,752 
1000000 random
 108 108 107 107 106 106 106 108 109 112 109 107 108 107 108 108 109 112 107 112 108 108 108 109 110 108 109 110 111 110 107 109 109 111 107 106 107 109 111 110 111 110 107 111 108 110 108 108 106 109 108 109 107 106 107 126 128 111 108 109 109 109 107 107 112 112 111 107 108 109 113 109 109 112 112 109 116 111 110 111 110 109 110 110 107 120 115 109 119 110 108 114 112 110 108 112 108 112 110 111 
avg: 109,768	standardDeviation: 3,519 
2000000 sorted_backwards
 42 52 55 60 47 44 43 44 44 45 44 44 43 42 43 43 46 43 44 43 44 45 57 47 44 49 43 42 42 43 43 47 43 43 42 42 42 43 42 42 44 44 43 42 43 43 43 44 43 44 44 64 45 44 44 44 43 43 45 43 43 44 43 44 43 43 42 44 44 45 43 43 44 43 42 44 47 44 44 43 43 43 42 43 42 42 42 42 43 43 43 42 44 43 42 42 43 44 42 43 
avg: 44,152	standardDeviation: 3,492 
2000000 half_sorted
 128 123 122 129 120 121 120 120 121 124 121 123 120 121 122 120 121 124 122 126 123 122 123 124 123 125 125 128 121 125 121 125 123 122 123 125 125 124 127 128 124 125 121 126 123 123 126 123 124 124 123 126 123 123 126 123 123 125 122 126 125 123 122 126 122 122 127 123 122 124 124 124 124 124 122 123 123 124 127 126 124 127 128 122 126 123 124 125 124 124 125 127 125 126 128 123 123 123 123 125 
avg: 123,768	standardDeviation: 2,035 
2000000 sorted
 41 42 44 41 42 40 40 40 40 40 41 40 40 40 40 41 41 41 41 41 40 39 40 43 40 42 39 41 41 39 40 39 40 40 40 40 40 41 41 40 40 40 40 40 40 39 40 43 40 41 40 41 40 40 40 41 41 40 40 43 41 40 43 40 42 41 40 42 39 41 40 44 40 40 40 40 50 42 40 42 40 40 40 41 42 40 42 43 46 40 40 40 40 40 40 42 40 40 40 41 
avg: 40,737	standardDeviation: 1,516 
2000000 random
 225 215 216 211 217 215 209 214 210 214 214 212 212 218 217 218 219 217 219 218 216 217 215 221 219 216 215 216 217 216 215 220 220 215 220 214 211 221 249 237 229 219 212 215 218 215 213 214 214 216 214 216 217 214 213 215 217 213 218 216 215 218 225 217 217 213 217 216 234 214 220 217 214 212 213 217 217 225 223 223 220 249 222 218 337 268 219 250 220 220 219 217 230 221 220 220 221 235 216 214 
avg: 220,162	standardDeviation: 14,774 