SHELLSORTsedgewick 
100000 sorted_backwards
 1 1 1 1 1 1 1 1 1 1 2 1 1 1 1 1 2 1 1 1 1 1 1 1 1 1 1 1 1 1 1 1 1 1 1 1 3 3 3 3 2 1 1 2 1 1 2 2 1 1 1 1 2 1 1 1 1 1 1 1 2 1 1 1 1 1 1 1 1 2 1 1 1 1 1 1 1 1 1 1 1 1 1 1 1 1 1 1 1 1 1 1 1 1 1 1 1 2 1 1 
avg: 1,182	standardDeviation: 0,482 
100000 half_sorted
 5 5 6 5 5 5 5 5 5 5 5 5 5 5 5 5 5 5 5 5 5 5 5 5 5 5 5 5 5 5 5 5 5 5 5 5 5 5 5 5 5 5 5 5 5 5 5 5 5 5 5 5 5 5 5 5 5 5 5 5 5 5 5 5 5 5 5 5 5 5 5 5 5 5 5 7 5 5 5 5 5 5 5 5 5 5 5 5 5 5 5 5 5 5 5 5 5 5 5 5 
avg: 5,030	standardDeviation: 0,224 
100000 sorted
 0 0 0 0 0 0 0 0 0 0 0 0 0 0 0 0 0 0 0 0 0 0 0 0 0 0 0 0 0 1 0 0 0 0 0 0 0 0 0 0 0 0 0 0 1 0 0 0 0 0 0 0 0 0 0 0 0 0 0 0 0 0 0 0 0 0 0 0 0 0 0 0 0 0 0 0 0 0 0 0 0 0 0 0 0 0 0 0 0 0 0 0 0 0 0 0 0 0 0 0 
avg: 0,020	standardDeviation: 0,141 
100000 random
 10 10 10 10 10 10 10 10 10 10 10 10 10 10 10 10 10 10 10 10 12 10 10 10 10 10 10 10 10 10 10 10 10 10 10 10 10 10 11 10 10 10 10 10 10 10 10 10 10 10 10 10 10 10 10 10 10 10 10 10 10 10 10 10 10 12 10 10 10 10 10 10 10 10 10 10 10 10 10 10 10 10 10 11 10 10 10 10 10 10 10 10 12 10 10 10 10 10 10 10 
avg: 10,081	standardDeviation: 0,369 
500000 sorted_backwards
 10 10 10 10 10 10 10 10 10 10 11 10 10 10 11 10 10 12 10 10 10 10 10 10 10 10 11 10 10 10 10 11 10 11 10 10 10 10 10 11 10 10 11 13 10 10 10 10 10 10 10 10 10 11 10 10 10 11 10 10 10 11 10 10 11 11 12 10 11 10 10 10 10 11 10 10 11 10 10 11 10 10 11 10 10 11 16 10 11 11 10 17 17 11 11 12 11 11 10 10 
avg: 10,535	standardDeviation: 1,240 
500000 half_sorted
 30 31 32 33 32 31 31 31 32 31 32 32 31 31 31 31 30 31 31 31 31 30 31 31 32 31 31 31 30 31 32 31 34 33 36 36 37 32 38 31 40 36 35 32 35 34 35 42 36 41 35 32 31 31 32 32 31 31 31 30 31 31 31 31 31 31 30 31 30 31 31 31 31 31 31 31 32 32 31 32 31 32 31 32 31 31 31 31 31 31 31 32 31 31 31 31 31 31 31 31 
avg: 32,020	standardDeviation: 2,254 
500000 sorted
 4 4 4 4 4 4 4 4 4 4 4 4 4 4 4 4 4 4 4 5 4 4 4 4 4 4 4 4 4 4 4 4 5 6 4 4 4 4 5 4 4 4 4 4 4 4 4 4 4 4 4 4 4 4 4 4 4 4 4 4 4 4 4 4 4 4 4 4 4 4 4 4 4 4 4 4 4 4 4 4 4 4 4 4 4 4 4 4 4 4 4 4 4 4 4 4 4 4 4 4 
avg: 4,051	standardDeviation: 0,262 
500000 random
 60 61 63 62 61 61 61 63 61 64 61 66 61 64 61 61 61 66 63 62 61 61 63 61 63 62 61 62 61 63 64 61 62 63 64 62 63 62 61 62 65 62 61 61 63 63 61 68 62 60 65 62 63 62 61 62 61 63 61 61 62 61 63 65 62 64 61 61 61 63 62 62 61 62 63 62 62 62 62 61 62 64 62 63 62 62 62 62 61 62 62 62 63 61 64 63 62 65 61 63 
avg: 62,242	standardDeviation: 1,363 
1000000 sorted_backwards
 21 21 22 22 23 21 21 24 21 21 21 21 21 22 21 22 21 21 22 22 21 22 21 23 24 21 21 21 21 22 21 23 21 21 22 21 21 21 21 21 21 21 21 21 21 25 21 21 21 21 23 21 21 21 21 21 21 21 21 21 22 21 21 21 21 23 22 22 21 21 21 21 21 21 26 22 21 24 21 21 21 21 23 22 21 21 21 24 21 21 21 22 22 21 22 22 22 22 22 22 
avg: 21,556	standardDeviation: 0,971 
1000000 half_sorted
 67 68 67 69 68 67 66 66 67 67 68 69 68 68 68 66 67 68 66 66 67 66 67 67 68 65 67 68 68 70 70 67 67 66 75 69 65 67 66 68 73 69 67 71 69 67 66 67 70 67 67 66 66 68 67 66 67 69 70 67 67 67 68 67 69 68 69 66 67 67 66 66 66 66 66 66 68 69 66 67 67 66 69 70 66 66 86 76 84 75 71 69 75 79 68 73 68 66 66 67 
avg: 68,273	standardDeviation: 3,425 
1000000 sorted
 9 9 9 9 10 10 11 10 10 10 11 9 9 9 10 10 9 9 9 10 9 9 9 9 9 9 9 9 9 9 9 9 9 10 9 9 9 9 9 9 9 19 10 16 11 9 9 9 9 9 9 9 9 9 9 9 9 9 9 9 9 9 9 9 9 9 9 9 9 10 9 9 9 9 9 9 9 9 9 9 9 9 9 9 9 9 9 9 9 9 9 9 9 9 9 9 9 13 10 9 
avg: 9,394	standardDeviation: 1,331 
1000000 random
 139 131 130 129 131 129 129 132 130 130 129 128 130 130 131 130 130 131 127 128 130 128 129 132 130 130 129 133 133 130 134 132 132 131 130 129 133 132 130 129 133 131 132 133 132 131 132 131 130 132 131 131 133 133 131 132 132 132 129 131 136 133 132 133 135 132 131 130 132 131 134 132 132 131 134 133 132 132 132 131 129 132 135 132 132 132 131 136 132 131 134 133 138 141 134 132 134 144 134 135 
avg: 131,737	standardDeviation: 2,460 
2000000 sorted_backwards
 42 44 45 47 45 44 43 51 45 44 44 43 42 43 42 43 43 42 42 43 43 43 43 47 43 42 44 43 43 42 43 42 42 42 42 44 43 42 42 43 42 43 45 43 42 43 42 43 42 42 43 42 42 45 42 42 43 43 42 45 42 44 43 42 42 43 43 42 42 45 47 43 42 43 42 46 43 42 44 43 43 44 45 43 42 42 43 44 43 44 43 42 43 43 43 43 43 44 43 44 
avg: 43,192	standardDeviation: 1,412 
2000000 half_sorted
 146 143 137 140 143 141 142 139 139 139 139 144 140 149 142 147 141 143 156 167 145 141 143 141 147 160 147 157 150 157 146 150 144 146 145 144 142 143 144 146 146 145 146 141 141 144 143 142 143 141 141 142 145 149 152 149 143 159 145 151 144 140 141 141 141 142 141 139 150 145 152 149 144 140 145 143 139 147 140 143 148 154 144 139 141 139 146 139 142 142 142 146 141 142 141 140 143 140 145 159 
avg: 144,606	standardDeviation: 5,370 
2000000 sorted
 20 24 23 22 22 20 22 20 21 21 21 21 20 20 20 20 20 20 21 21 20 20 20 20 21 21 21 21 20 20 20 20 20 20 21 25 20 20 20 20 20 20 20 20 21 20 21 27 27 21 20 20 21 21 20 20 20 21 20 21 21 22 21 22 21 21 21 21 21 22 21 21 22 20 21 20 20 23 22 21 25 21 21 21 20 20 21 21 21 22 21 21 21 21 21 22 21 21 23 23 
avg: 21,030	standardDeviation: 1,344 
2000000 random
 284 272 271 274 273 271 277 273 272 277 277 276 281 281 282 283 281 325 286 287 307 304 324 366 320 280 281 346 298 274 276 276 282 320 300 289 285 286 281 282 282 296 280 283 285 281 282 279 278 321 286 289 279 279 281 285 291 283 284 275 281 281 279 277 281 280 286 277 281 283 281 276 282 277 283 274 285 278 277 276 279 277 276 279 277 274 279 276 275 278 278 277 274 276 274 277 272 279 276 277 
avg: 284,040	standardDeviation: 15,296 