SHELLSORTknuth 
100000 sorted_backwards
 6 2 3 1 1 1 2 2 2 2 1 1 1 2 1 1 1 1 1 1 1 1 1 2 1 1 1 1 1 2 2 3 1 3 1 3 1 2 1 1 1 2 1 1 1 1 1 1 1 1 2 2 1 1 1 1 1 2 1 1 1 1 2 2 1 1 1 1 1 1 1 1 1 1 1 1 1 1 1 1 1 1 1 1 1 1 3 3 3 3 2 3 1 2 1 1 1 1 1 1 
avg: 1,364	standardDeviation: 0,646 
100000 half_sorted
 5 6 6 6 6 6 7 6 6 6 5 6 6 7 6 6 6 6 6 6 6 5 6 6 6 6 6 6 6 6 6 8 6 6 6 5 6 6 6 6 6 6 6 6 6 6 5 6 6 6 9 6 6 6 6 6 6 6 6 6 6 6 6 5 5 6 5 5 6 8 6 6 6 7 6 6 6 6 6 6 6 6 6 6 5 6 6 6 8 6 6 6 6 5 6 6 6 6 6 6 
avg: 6,020	standardDeviation: 0,589 
100000 sorted
 0 0 1 0 0 0 0 0 1 0 1 0 0 0 0 1 0 0 0 0 1 1 1 1 1 1 1 1 1 1 0 0 1 1 0 0 1 1 1 1 1 1 1 1 1 1 0 1 0 0 0 0 1 1 1 1 1 1 1 0 0 0 0 0 0 1 0 0 0 1 0 1 1 0 0 0 1 1 1 1 1 1 0 1 0 1 1 0 0 0 1 0 0 0 1 1 0 1 0 0 
avg: 0,515	standardDeviation: 0,502 
100000 random
 11 12 12 14 15 13 13 13 12 12 12 13 12 13 12 12 12 12 12 12 12 12 17 13 12 12 12 12 11 12 12 12 12 12 12 12 11 12 12 11 12 12 12 16 12 18 12 11 12 12 12 12 12 12 12 12 12 12 12 12 12 12 12 12 12 12 12 12 12 12 12 12 12 12 12 12 12 12 12 12 12 12 12 12 12 12 12 13 12 13 13 12 12 12 12 12 12 12 11 12 
avg: 12,242	standardDeviation: 1,001 
500000 sorted_backwards
 11 10 10 10 10 10 14 10 10 11 10 10 11 11 11 16 16 17 11 13 11 11 11 13 11 11 11 11 11 11 11 12 11 10 11 19 11 11 10 10 11 11 10 11 10 11 10 10 11 12 10 10 11 11 11 14 10 11 12 10 10 11 11 11 10 11 10 10 10 11 10 11 10 10 11 10 10 12 11 10 10 11 10 13 11 16 13 16 14 14 14 13 15 14 11 11 11 13 11 11 
avg: 11,394	standardDeviation: 1,795 
500000 half_sorted
 37 37 39 42 38 38 38 36 38 37 36 36 36 37 37 37 36 36 36 36 37 37 37 37 36 36 37 40 37 36 37 37 38 37 36 38 37 37 37 37 38 38 37 37 36 37 37 36 38 39 37 38 37 37 37 38 38 37 38 36 38 38 37 37 38 37 38 38 37 38 37 38 37 37 37 37 38 36 37 39 38 39 38 37 37 37 39 39 37 38 37 38 37 36 39 38 39 38 37 38 
avg: 37,354	standardDeviation: 1,003 
500000 sorted
 5 5 5 5 6 6 6 6 5 6 6 6 5 6 6 6 5 5 5 5 5 5 6 5 5 5 5 5 5 5 6 5 5 5 5 5 5 5 5 5 5 5 5 5 5 5 5 5 5 5 5 6 5 5 5 5 5 5 5 5 5 5 5 5 5 5 5 5 5 5 5 5 5 5 5 5 5 5 5 5 5 5 5 5 5 5 6 5 5 5 5 5 5 5 5 5 5 5 5 5 
avg: 5,141	standardDeviation: 0,350 
500000 random
 77 82 80 81 79 86 79 79 78 75 78 73 74 77 76 77 76 76 78 76 76 76 77 74 76 77 75 77 75 77 78 74 77 74 77 76 75 76 73 78 77 79 74 74 77 74 79 75 75 78 77 75 75 76 74 75 75 74 75 79 75 76 76 77 76 76 76 76 75 76 74 76 76 77 75 76 76 74 82 75 75 75 78 77 78 78 75 74 77 75 77 75 76 75 77 77 76 76 80 77 
avg: 76,394	standardDeviation: 2,044 
1000000 sorted_backwards
 22 39 26 26 23 27 34 27 22 22 29 22 32 23 23 22 33 27 29 29 22 23 21 21 21 22 22 21 21 21 21 21 21 21 21 21 21 21 21 21 21 25 22 21 21 21 21 21 21 21 21 22 21 21 21 21 21 21 21 22 22 21 21 21 21 21 21 21 21 21 21 23 21 21 21 22 21 21 21 21 22 21 21 21 21 21 21 21 22 21 21 22 21 21 22 21 21 21 21 21 
avg: 22,374	standardDeviation: 3,151 
1000000 half_sorted
 80 80 81 94 90 81 79 79 80 79 79 78 80 79 79 80 80 81 79 81 79 82 81 80 79 81 78 81 78 79 79 83 82 81 80 81 80 81 82 80 82 81 81 79 81 80 82 82 81 80 79 85 82 80 81 82 81 82 80 79 81 80 80 81 81 80 81 81 84 80 80 81 83 82 82 82 82 83 83 81 82 82 83 82 80 80 80 81 81 80 82 79 85 81 80 80 81 81 82 81 
avg: 80,980	standardDeviation: 2,119 
1000000 sorted
 11 11 15 13 12 12 14 12 11 12 11 12 12 11 11 12 11 11 12 11 11 11 11 11 11 12 11 11 11 11 11 11 11 11 11 11 11 11 11 11 11 11 11 11 11 12 11 12 12 12 11 11 12 12 11 11 11 11 11 12 11 11 11 11 12 11 11 11 11 11 11 11 11 11 11 11 11 11 11 11 12 14 14 13 12 12 11 11 11 11 11 11 12 12 12 11 11 11 11 11 
avg: 11,404	standardDeviation: 0,768 
1000000 random
 175 164 161 163 160 169 167 166 161 159 167 160 180 169 179 197 181 167 171 166 174 171 166 166 173 167 172 168 167 164 168 171 175 168 171 187 189 190 182 169 167 165 164 165 165 162 167 167 170 175 174 178 177 167 167 177 169 194 182 178 180 182 168 163 163 168 179 166 175 193 168 163 168 167 172 165 165 177 168 192 170 166 166 171 171 174 168 169 166 164 171 170 169 170 190 215 180 167 165 173 
avg: 171,636	standardDeviation: 9,197 
2000000 sorted_backwards
 44 47 44 44 45 45 45 51 46 46 45 44 45 44 44 44 44 44 45 44 43 44 48 45 44 44 44 43 46 44 44 44 44 45 45 45 44 44 43 44 45 46 43 43 43 47 44 44 44 44 44 43 43 43 44 44 45 45 45 43 44 47 44 48 47 43 45 45 45 44 45 44 45 44 44 46 44 44 44 44 45 44 44 45 44 45 45 46 44 47 44 45 45 44 44 46 46 45 44 47 
avg: 44,646	standardDeviation: 1,288 
2000000 half_sorted
 179 179 174 174 176 176 179 176 175 178 177 173 184 173 172 187 175 178 180 178 180 173 176 175 176 181 182 177 180 182 181 180 179 174 176 175 174 180 186 177 176 178 174 176 175 176 177 176 174 178 178 176 174 175 182 175 174 175 175 176 177 182 176 177 174 176 182 179 174 172 178 175 180 176 173 181 175 180 173 174 175 179 177 177 179 179 178 178 178 178 179 176 177 175 177 175 174 180 180 176 
avg: 177,061	standardDeviation: 2,924 
2000000 sorted
 31 33 27 32 27 34 27 30 26 26 27 26 25 25 26 25 24 24 25 25 26 25 25 25 25 25 29 26 26 28 26 26 28 26 28 26 26 26 25 25 26 26 26 26 25 25 25 25 25 25 25 25 25 25 28 25 26 25 25 26 26 24 25 26 26 26 25 25 25 25 26 26 25 25 26 25 26 24 26 26 25 24 25 24 25 26 25 25 26 25 25 25 25 25 25 30 25 25 24 26 
avg: 25,838	standardDeviation: 1,695 
2000000 random
 377 355 347 365 358 365 360 361 368 358 359 361 374 362 364 354 357 362 348 355 356 357 358 373 375 372 365 368 357 368 362 358 360 368 366 362 358 363 361 365 360 361 370 365 361 361 361 364 360 357 412 396 357 353 365 361 359 360 354 362 366 371 352 381 379 362 363 364 375 370 364 362 354 355 370 364 366 365 354 355 357 352 362 365 358 358 371 361 365 355 357 363 358 356 378 367 363 365 362 369 
avg: 363,010	standardDeviation: 8,762 